1.000000000000000048e-04 -6.970919989109765069e-01
1.051249999999999928e-02 -8.746396229518459409e-01
2.092499999999999916e-02 -1.078607066603295195e+00
3.133750000000000424e-02 -1.278767838226144926e+00
4.175000000000000239e-02 -1.462086220651096502e+00
5.216250000000000053e-02 -1.601143655141457733e+00
6.257500000000000562e-02 -1.830137562138226759e+00
7.298749999999999682e-02 -2.091549239608418542e+00
8.340000000000000191e-02 -2.153231767810117603e+00
9.381250000000000699e-02 -2.360063592614503492e+00
1.042249999999999982e-01 -2.457791969726053960e+00
1.146375000000000033e-01 -2.689283291551508359e+00
1.250499999999999945e-01 -2.715641361202326021e+00
1.354624999999999857e-01 -3.098388714403668143e+00
1.458749999999999769e-01 -3.124559564083815300e+00
1.562874999999999959e-01 -3.364711235559771918e+00
1.666999999999999871e-01 -3.262085839783764207e+00
1.771124999999999783e-01 -3.619975313105973314e+00
1.875249999999999972e-01 -3.942344850287246683e+00
1.979374999999999885e-01 -3.949742327577820067e+00
2.083499999999999797e-01 -3.942516022185179825e+00
2.187624999999999986e-01 -4.210140498226914829e+00
2.291749999999999898e-01 -4.244428304989535050e+00
2.395874999999999810e-01 -4.476804203295084328e+00
