1.000000000000000048e-04 -5.802028094674680503e-01
9.679166666666667515e-03 -8.775974724811359540e-01
1.925833333333333564e-02 -1.081781920918994278e+00
2.883750000000000549e-02 -1.350380052326229707e+00
3.841666666666667534e-02 -1.610860217981636922e+00
4.799583333333334173e-02 -1.743295725304886856e+00
5.757500000000001505e-02 -2.065858040591175282e+00
6.715416666666668144e-02 -2.319086495737209042e+00
7.673333333333334783e-02 -2.463726240726975103e+00
8.631250000000001421e-02 -2.516355109334256657e+00
9.589166666666668060e-02 -2.744869948073435317e+00
1.054708333333333470e-01 -2.807337034084064431e+00
1.150500000000000272e-01 -3.097592915869996411e+00
1.246291666666666936e-01 -3.127269063903133972e+00
1.342083333333333461e-01 -3.167870654180918066e+00
1.437875000000000125e-01 -3.191670497112919058e+00
1.533666666666666789e-01 -3.872827998560745666e+00
1.629458333333333453e-01 -3.599209000320124474e+00
1.725250000000000117e-01 -3.611935210383756534e+00
1.821041666666666781e-01 -3.589497354617348979e+00
1.916833333333333445e-01 -3.541265511343338890e+00
2.012625000000000108e-01 -3.717234236800868619e+00
2.108416666666666772e-01 -3.590219051096737335e+00
2.204208333333333436e-01 -3.636416274276077942e+00
