1.000000000000000048e-04 -4.904300429983068921e-01
1.051249999999999928e-02 -8.230533172334139058e-01
2.092499999999999916e-02 -1.136053598273595533e+00
3.133750000000000424e-02 -1.438483581480753060e+00
4.175000000000000239e-02 -1.685657450824676440e+00
5.216250000000000053e-02 -1.907181144045231092e+00
6.257500000000000562e-02 -2.204567684854406906e+00
7.298749999999999682e-02 -2.411734344475232827e+00
8.340000000000000191e-02 -2.776274310689126334e+00
9.381250000000000699e-02 -2.868010447452054912e+00
1.042249999999999982e-01 -3.157655231070845225e+00
1.146375000000000033e-01 -3.262484746689196857e+00
1.250499999999999945e-01 -3.665196227958634534e+00
1.354624999999999857e-01 -3.912989412341462803e+00
1.458749999999999769e-01 -4.124433416701850597e+00
1.562874999999999959e-01 -4.315850744008689510e+00
1.666999999999999871e-01 -4.634541022803506216e+00
1.771124999999999783e-01 -4.766878082592597821e+00
1.875249999999999972e-01 -4.875403244321083740e+00
1.979374999999999885e-01 -4.877560659911877927e+00
2.083499999999999797e-01 -5.087788555001078628e+00
2.187624999999999986e-01 -5.278478651720909021e+00
2.291749999999999898e-01 -5.462841238550914191e+00
2.395874999999999810e-01 -5.402343409863004986e+00
