1.000000000000000048e-04 -5.490293725628350163e-01
1.051249999999999928e-02 -8.008166918284365110e-01
2.092499999999999916e-02 -1.120614979595436989e+00
3.133750000000000424e-02 -1.390313298128474484e+00
4.175000000000000239e-02 -1.648984463181515592e+00
5.216250000000000053e-02 -1.881571417869070117e+00
6.257500000000000562e-02 -2.175685425434405573e+00
7.298749999999999682e-02 -2.405116548688936984e+00
8.340000000000000191e-02 -2.608950881649584108e+00
9.381250000000000699e-02 -2.895863243183232960e+00
1.042249999999999982e-01 -3.096085143989734334e+00
1.146375000000000033e-01 -3.264446574816377122e+00
1.250499999999999945e-01 -3.542412676362451496e+00
1.354624999999999857e-01 -3.664182112696636295e+00
1.458749999999999769e-01 -3.895259504289373176e+00
1.562874999999999959e-01 -4.125015287239175876e+00
1.666999999999999871e-01 -4.406526806743954694e+00
1.771124999999999783e-01 -4.426954714863930995e+00
1.875249999999999972e-01 -4.619541669168273579e+00
1.979374999999999885e-01 -4.698120115701566846e+00
2.083499999999999797e-01 -5.072729375177398303e+00
2.187624999999999986e-01 -5.143902582020436043e+00
2.291749999999999898e-01 -5.562209707773498657e+00
2.395874999999999810e-01 -5.561300097916694440e+00
