1.000000000000000048e-04 -6.573049635604277796e-01
1.051249999999999928e-02 -8.439365044776105940e-01
2.092499999999999916e-02 -1.094096742019416091e+00
3.133750000000000424e-02 -1.343813572315543325e+00
4.175000000000000239e-02 -1.486373049830761017e+00
5.216250000000000053e-02 -1.717665830160206797e+00
6.257500000000000562e-02 -1.922756507253157388e+00
7.298749999999999682e-02 -2.087951349971464587e+00
8.340000000000000191e-02 -2.257828050533874809e+00
9.381250000000000699e-02 -2.441665863112102208e+00
1.042249999999999982e-01 -2.652512284301058898e+00
1.146375000000000033e-01 -2.777693036534981896e+00
1.250499999999999945e-01 -2.973295990050784710e+00
1.354624999999999857e-01 -3.135936321741448207e+00
1.458749999999999769e-01 -3.326494330323512383e+00
1.562874999999999959e-01 -3.566348869662650412e+00
1.666999999999999871e-01 -3.610384329680880189e+00
1.771124999999999783e-01 -3.735446570788670595e+00
1.875249999999999972e-01 -3.921873740328789992e+00
1.979374999999999885e-01 -3.967074543660781050e+00
2.083499999999999797e-01 -4.104494533979650583e+00
2.187624999999999986e-01 -4.281961305195538969e+00
2.291749999999999898e-01 -4.437739253651124649e+00
2.395874999999999810e-01 -4.406394061038885646e+00
