1.614894522128462739e-02 -6.511217821043491227e-02 -1.847284093626462287e-01 -1.278139793417270020e-01 1.022076432776795052e-01 1.889151516899416627e-01 1.535572149965220845e-01 3.896158599639658604e-01 7.633577223274889967e-01 9.592823424650926967e-01 1.106735914624986883e+00 8.735124691663442853e-01
1.003103424932820786e-01 9.135927868049220635e-02 1.252152059994502409e-01 1.103024754739521107e-01 1.437366043208987421e-01 2.123442036709022318e-01 2.834176740408755890e-01 5.167050594789848184e-01 5.615276260735440061e-01 7.990313694055002358e-01 1.039531968658546912e+00 8.204560274859935554e-01
7.003442709626295226e-02 1.053703207649743234e-01 3.102429702968412251e-01 1.953826282686152993e-01 2.285312989053296384e-01 4.381347096944501196e-01 4.528726475178115329e-01 5.678590366949545221e-01 6.426070651278665835e-01 7.268359286257095597e-01 6.441000357737292070e-01 4.861591959214193182e-01
5.417716993925036917e-02 1.431928111087565902e-01 3.459312019900377955e-01 3.535316357030309220e-01 5.043188107115588181e-01 5.892188254387504820e-01 5.909433880191952149e-01 6.321807917254891329e-01 6.185650237390687423e-01 6.282814630299649039e-01 4.156389840839027627e-01 1.588828353851470254e-01
2.015654295377005134e-01 2.328048546620915538e-01 3.099920861504852354e-01 4.051726503041561678e-01 6.131128689589631087e-01 6.493104324169163277e-01 6.359291154481070407e-01 5.067581801224267934e-01 3.991168652987946430e-01 3.557327706252810806e-01 1.014427073102392995e-01 -2.381338778023360803e-01
4.096318011214301613e-01 3.411414045622684910e-01 2.509896486901284085e-01 2.468687176208907985e-01 4.737072463547509216e-01 6.202408501711711430e-01 5.561532367966561807e-01 2.605573611544551582e-01 7.860361503291768415e-02 -9.783005891056451020e-02 -3.486940715929374157e-01 -6.119514443100544376e-01
4.522561491659269350e-01 4.670348084145645728e-01 4.698651104489726116e-01 3.127329556394249366e-01 2.935290873101275011e-01 3.251388421798599992e-01 3.652638690976459657e-01 1.103135886970405544e-01 -8.214252015770906468e-02 -3.591224925189178130e-01 -5.623997184523163995e-01 -7.797579381113972641e-01
4.131955004895999650e-01 4.564101000368445682e-01 5.163391976055469179e-01 3.250022555120866130e-01 1.215961738297082206e-01 -1.188678756916159429e-01 -2.338853693139442136e-01 -3.869267113958292370e-01 -1.788357539543619090e-01 -3.322281336251262651e-01 -5.421912823102910117e-01 -7.694469133984038756e-01
2.487623820255504548e-01 2.269268827385548803e-01 2.400895256175767933e-01 9.526166632841759352e-02 -1.091586604179224373e-01 -4.797996302249252221e-01 -8.617163997708765510e-01 -8.218929383428219548e-01 -3.424856835967555746e-01 -4.016083412554065646e-01 -6.145810307733745592e-01 -7.247651698906287798e-01
3.048445756764239789e-02 -5.480932387686232587e-02 -1.679901700097681250e-01 -4.349625925962734563e-01 -4.122061285120928176e-01 -5.017101768079803570e-01 -6.999146423019668717e-01 -7.950277217148404851e-01 -7.537711638284274596e-01 -8.842658729211108071e-01 -9.590130727888031004e-01 -6.579426367729048764e-01
-1.200900130285971201e-01 -3.539845172190925204e-01 -3.222654631199661779e-01 -5.897596723670337493e-01 -5.894728174531540521e-01 -5.513751412157532616e-01 -5.302592638858991680e-01 -6.659355224416145802e-01 -8.379683140921465601e-01 -9.511059216866710742e-01 -9.812049851886988083e-01 -7.069316487504408997e-01
-2.101785966893361390e-01 -4.144285733555279627e-01 -3.428894535498581142e-01 -5.764209852910591181e-01 -6.544794513443039641e-01 -6.064204926583731670e-01 -4.669874323252578563e-01 -4.976612841823773170e-01 -6.117210339677696673e-01 -7.224861558162734010e-01 -8.019380552927775074e-01 -7.519074525609550363e-01
-1.964888983206294348e-01 -3.027826321522169017e-01 -4.362654292165619729e-01 -5.498910190687706923e-01 -5.506404296305618118e-01 -5.705910896109014363e-01 -4.452345518481695130e-01 -3.662102400475122366e-01 -4.699752120969453717e-01 -5.747145024451669748e-01 -6.569304656358088135e-01 -7.546123426909092657e-01
-3.449403906817067877e-01 -3.274622401673319416e-01 -3.833246288755369768e-01 -4.405817365530859675e-01 -3.658767042561250626e-01 -4.396440580937337472e-01 -4.969940177235698808e-01 -5.039617412917292150e-01 -7.090135496490539424e-01 -6.948808939344863767e-01 -4.952118071875881711e-01 -6.541919415640540247e-01
-5.674945624716207782e-01 -3.428352410545181250e-01 -2.486072824273337645e-01 -3.137207048210832738e-01 -2.887875289791450584e-01 -4.389635126277622312e-01 -6.104603916917490380e-01 -6.352910438935444049e-01 -7.938448911360640459e-01 -6.997732897917914308e-01 -4.829392769532778740e-01 -4.200845184326076343e-01
-5.327388570731139694e-01 -2.135705833657257635e-01 -1.321892678369920304e-01 -2.663152647122073446e-01 -3.312610001798397263e-01 -4.465116227456598086e-01 -6.309544129853494887e-01 -5.748789696430660623e-01 -5.681875536291343121e-01 -5.959373722468956913e-01 -4.558800436432592917e-01 -8.943900183191999531e-02
-7.428794921485737390e-02 -3.557008226565194775e-02 -1.340448421046764871e-01 -2.547878505480345446e-01 -2.750896330023899772e-01 -3.584104296912586918e-01 -4.845236715602645461e-01 -4.377045758493940397e-01 -3.496779211146954225e-01 -3.490866764157507518e-01 -1.040950193478940022e-01 1.734465503520086216e-01
4.469874675841278844e-02 9.244523763816880901e-02 7.574708894024917427e-02 -4.249402845127292494e-02 -1.292629736842942911e-01 -2.546888706186223317e-01 -4.005097342138057570e-01 -2.836178507440871854e-01 -1.613235736030707024e-01 -2.691856458290953213e-03 3.828406016714187565e-01 3.552441103023693536e-01
-1.482482473135582346e-01 -7.505268680553722760e-02 1.192130483873121705e-03 -4.838163742247836296e-02 -9.434852946569893817e-02 -1.935594354408189943e-01 -2.788914112842788562e-01 -1.307027582475921434e-01 -5.854069562072883315e-02 1.365212331584340077e-01 4.738420140143944082e-01 3.582792348548209382e-01
-3.842645918597984434e-01 -5.199104281940263306e-01 -3.631641494004678172e-01 -2.732239396466966674e-01 -1.229786639828698291e-01 -4.943132286592222258e-02 -9.241025482339670916e-02 3.776929591919531148e-02 -4.842413121717736857e-03 -6.541590750805204024e-02 1.966850991824564687e-01 2.328596971769232304e-01
-3.532241484382123708e-01 -4.696058648131462565e-01 -3.396745177272766369e-01 -1.439740430266986948e-01 9.916314888062816024e-02 3.237100233360079571e-02 6.015491140419459981e-02 1.870960972594457594e-01 1.439856153734520028e-01 1.363274592247654127e-01 2.101294863880269759e-01 1.855295004208059595e-01
-1.094690469106303077e-01 -2.057498156472425954e-01 -2.026989203327969058e-01 -1.290372617954522738e-01 2.304715209687380195e-01 2.015509451276589203e-01 1.476790142351096513e-01 1.845839435658853667e-01 2.217528733294069632e-01 2.876535344207469258e-01 2.405419849095711271e-01 2.096167256625962594e-01
3.443586513595153775e-02 -3.171179004768553966e-02 -2.207491200142781551e-01 -3.160982892336674510e-01 2.018749107415298560e-01 3.284291784203769993e-01 1.552130141987300149e-01 1.084681581337734180e-01 2.067191166174371375e-01 2.923560649357161978e-01 2.647259780268389484e-01 2.948904599957411499e-01
-1.421512118464063334e-02 1.704189479601447843e-02 -1.271255254866145989e-01 -3.115372419509130353e-01 -1.122221215701024732e-02 3.191855263417950894e-01 2.107441716443543278e-01 1.376939771802332402e-01 2.449180334721772212e-01 4.362125912904750713e-01 3.815868803228372741e-01 3.643328734656527956e-01
7.611950958802227163e-02 2.323126874368908190e-02 -1.304055494021620909e-01 -3.337316575361217730e-01 -2.307145586378225310e-01 1.259932289869722943e-01 2.202929352700717658e-01 2.090663233983574010e-01 2.144942760234984647e-01 4.200447708411951808e-01 4.213002922687429930e-01 3.578428795772086168e-01
4.516192352048609138e-02 -9.789579251717217545e-02 -2.237217093330885476e-01 -3.127165310408583920e-01 -2.461314423065870116e-01 4.637146897836119663e-02 2.276722241073390052e-01 2.586903532444853049e-01 1.985231209675677455e-01 3.207554633178779646e-01 3.416372551782371758e-01 2.895980388851406850e-01
-1.208721612750620622e-01 -2.453865073450338663e-01 -2.657685446380213534e-01 -1.502471649009624599e-01 3.003246905988943283e-02 1.149238135762353785e-01 1.730442930771012300e-01 2.875097190937410119e-01 2.954668202725665438e-01 2.295433066730754312e-01 1.890141476746838300e-01 2.553119430528729694e-01
-4.374110614850224010e-02 -7.157227880141991960e-02 -1.081761593456502801e-01 -7.730082972274043840e-02 2.417779264232855496e-02 2.006856997700268153e-02 4.403834480331569878e-02 1.658762301852365617e-01 2.654761880436233845e-01 2.113692911278928221e-01 8.652028263648636752e-02 1.389837869376306934e-01
5.965770624317423554e-02 -2.412780546042769814e-02 -6.919141505127157643e-02 -6.839807438751011048e-02 2.568116242035056729e-02 -2.542943622924642710e-02 -1.231918377021510302e-01 -6.330861325156877939e-02 1.480790951312522807e-01 9.480163977483568871e-02 2.582437974665241498e-02 1.501128837117891024e-01
-3.448110665980008704e-02 -1.475299016226481186e-01 -9.772993386992023801e-02 3.332409455730545034e-03 7.384635710768927552e-02 -1.971420209267726875e-02 -2.526819157871509347e-01 -2.399653172319986538e-01 5.681138449823119885e-02 -1.827737635312143283e-02 5.779120160909734238e-02 1.833591348984158209e-01
-2.354026711189081134e-01 -1.241037762187748861e-01 7.698833389980341835e-02 6.873929272762113740e-02 -4.401999580125526279e-02 -9.379889077425707100e-02 -1.974705615690424132e-01 -3.205885066643414660e-01 2.095625519504507039e-02 9.287002572535607570e-02 2.912081048245251935e-02 1.776240274854448131e-01
-1.606979673454644875e-01 -9.409622015990271038e-02 1.053475255156590684e-01 1.158577694772224831e-01 -5.500824830804607046e-02 -1.500614169694736155e-01 -1.893508791934341851e-01 -3.469782548067543715e-01 -1.057524736857331504e-01 8.023095924744660934e-02 1.204131512696893225e-01 2.401494745899674932e-01
-9.737922678825317035e-02 -4.016906198071934497e-02 1.008318221664734615e-01 1.223992258306014769e-01 -1.372250964244248195e-02 -1.331880352402987633e-01 -1.258068551275450808e-01 -2.563141934197803451e-01 -9.551444613514892268e-02 1.709517964439690729e-01 2.627697299006164222e-01 3.066531977280719801e-01
-1.506967346966114896e-01 1.421857389256095949e-01 1.400328388284055592e-01 9.856437154039277004e-02 9.874474585250059278e-02 1.818204559146430199e-02 1.723412421008241324e-02 4.538798749680061917e-02 1.433124349796037755e-01 3.213993046648271346e-01 3.656184096792598481e-01 3.023979077773524260e-01
-2.011070620599251235e-01 1.035549004178761834e-01 2.095131818230848708e-01 2.226982984122916065e-01 2.245122992108390392e-01 1.575901001522792555e-01 1.316109546717538770e-01 2.015725482976029603e-01 2.427756421161810785e-01 3.907283582879386152e-01 4.676070656652098201e-01 3.168540611708174914e-01
-2.034344212678473873e-01 -6.661284845652648556e-03 1.178937352146900430e-01 1.416204266132030654e-01 2.012360345711150522e-01 2.188938633261914291e-01 2.307632780741539769e-01 2.924464212623156811e-01 3.034195820430718449e-01 4.509262250224672641e-01 4.751534727245845247e-01 3.441570483730398422e-01
-1.486482388316856529e-01 -1.194903137142486749e-01 -3.346340687618720722e-02 1.214691998350847513e-02 1.638268090772840857e-01 2.935276336213616943e-01 3.507337853103646985e-01 3.875959377163074038e-01 4.060066497776833039e-01 4.184395985098543491e-01 3.566502876154893364e-01 3.106827388784254573e-01
6.237306726935010204e-04 -1.088644608889812737e-01 3.234272383032532616e-04 1.970392554245261607e-01 3.300052448614256839e-01 3.203677940933635782e-01 4.430116492268787454e-01 5.141587896514878686e-01 4.281257734589867248e-01 2.533875632337072581e-01 1.823958238826466349e-01 8.418653526574937374e-02
1.287518587638412093e-01 -7.595164690306077659e-03 9.874319871623704614e-02 3.341460556218596167e-01 3.805368459435216622e-01 3.714860149566252545e-01 4.737454410611383615e-01 4.633343170488459783e-01 3.699287582583070666e-01 1.475371607382234274e-01 -3.564104927980960014e-02 -3.678846620091964503e-01
1.990862521946690222e-01 1.367566103162802804e-01 2.966491171565426299e-01 4.493253167494195566e-01 4.154553789673700592e-01 4.476855300596773723e-01 4.196983774989284655e-01 2.935413126601056355e-01 1.689358639036733223e-01 -6.536323628701490307e-02 -3.189723376155444434e-01 -6.680318870909722762e-01
2.375866205297980649e-01 3.681527862615356916e-01 6.304521412837060801e-01 5.940471687566204473e-01 5.513595505428989796e-01 5.162749975612657138e-01 3.335711934970007064e-01 1.116142953503249657e-01 -1.439112756859319830e-01 -4.025175161623919529e-01 -5.433451898723402618e-01 -6.446943400440725558e-01
4.263132354210226183e-01 5.021847888098833756e-01 7.757387818163095083e-01 7.540977140742306517e-01 6.310381016300139478e-01 4.139345368895863686e-01 2.124690432082783076e-01 -2.819404860759711084e-03 -2.203938354619321416e-01 -4.626083846207067474e-01 -6.200080277739863366e-01 -7.111711471638038073e-01
5.550177769341595457e-01 6.969562602365959592e-01 8.794443871926342915e-01 7.405650558770835445e-01 5.128729888083030097e-01 2.763604213006818355e-01 1.264481606152632054e-01 -8.759839364907451298e-02 -2.549745556327818186e-01 -4.204795924274526975e-01 -5.669255831380493049e-01 -6.717165478374245158e-01
5.253209157714473498e-01 7.360830409764167470e-01 7.390462536713098274e-01 5.472460737285778087e-01 3.363998617823780179e-01 1.868532843966113077e-01 2.272176766602740372e-02 -2.021530196323952921e-01 -3.245331379308704634e-01 -4.045683700894873169e-01 -4.839416457349838829e-01 -5.529095885565638024e-01
2.015601158723145936e-01 2.421477735531643027e-01 2.584034433688802146e-01 3.607560016790869462e-01 3.035186108000385019e-01 7.534271236262979343e-02 -1.369880064944370979e-01 -2.455108485454533529e-01 -3.332248523966634401e-01 -4.508319751712013268e-01 -5.565445634472545589e-01 -5.349721547325563265e-01
-2.307572446728105575e-01 -9.668123960554542151e-02 -1.585367607952425928e-01 2.376042230552188883e-02 1.938352430423950779e-01 3.257353338638191431e-02 -1.719621448817560960e-01 -2.439752527701788409e-01 -3.527800796073226053e-01 -4.929417072421415913e-01 -5.337495955109150536e-01 -4.305051670618165183e-01
