1.534062482291561336e-01 2.875278625557436962e-01 4.027192492975879556e-01 4.681149694021903285e-01 4.661922924790710132e-01 3.974663982570858511e-01 2.803523345921221654e-01 1.462307202655346028e-01 3.103933352369038154e-02 -3.435638658091205722e-02 -3.243370965779274195e-02 3.629218456419248257e-02
2.574702491534674453e-01 3.921915117957932018e-01 5.052098516401054562e-01 5.662420957952145617e-01 5.589347037274997598e-01 4.852456852402828869e-01 3.649199533282556640e-01 2.301986906859298798e-01 1.171803508416175699e-01 5.614810668650856151e-02 6.345549875422334951e-02 1.371445172414401670e-01
3.340767996158933162e-01 4.673561665976495028e-01 5.765152942005320469e-01 6.323050823368622231e-01 6.197767023296072431e-01 5.422871234841812882e-01 4.205996158740438196e-01 2.873202488922876330e-01 1.781611212894051721e-01 1.223713331530748988e-01 1.348997131603298649e-01 2.123892920057559031e-01
3.610849931476178276e-01 4.909077802804815982e-01 5.945934201201841240e-01 6.443594292049725780e-01 6.268710455900580181e-01 5.468142675419825904e-01 4.256402440873655602e-01 2.958174569545016230e-01 1.921318171147990694e-01 1.423658080300106987e-01 1.598541916449251754e-01 2.399109696930006586e-01
3.257411415011334799e-01 4.501570541392668767e-01 5.468568914148307369e-01 5.899300100216168241e-01 5.678350026134465489e-01 4.864922085820991282e-01 3.676973638983648818e-01 2.432814512602315127e-01 1.465816139846676802e-01 1.035084953778816763e-01 1.256035027860518405e-01 2.069462968173993167e-01
2.278932359159759335e-01 3.450526992551781746e-01 4.333845514497688400e-01 4.692203440382618496e-01 4.429579053364415819e-01 3.616342345857322949e-01 2.470399436893211675e-01 1.298804803501189264e-01 4.154862815552825411e-02 5.712835567035269742e-03 3.197527426885557467e-02 1.132989450195647924e-01
8.025167495910595639e-02 1.884402881158859788e-01 2.671778524418912393e-01 2.953667011619748317e-01 2.654536550260275796e-01 1.854538905893311773e-01 7.680328012737845655e-02 -3.138533302940161446e-02 -1.101228973554068263e-01 -1.383117460754905159e-01 -1.083986999395431389e-01 -2.839893550284675744e-02
-9.434711002978879435e-02 3.323362026476346567e-03 7.141905912618630448e-02 9.169379422343930386e-02 5.871496842217159562e-02 -1.868076853684064176e-02 -1.197552914378183786e-01 -2.174257634940835182e-01 -2.855214605937935191e-01 -3.057961956910464907e-01 -2.728173698897787269e-01 -1.954216329307665867e-01
-2.679571605248168287e-01 -1.821561874195441744e-01 -1.255516990525999133e-01 -1.133108223698837541e-01 -1.487134903931783270e-01 -2.222735868157348083e-01 -3.142807432059738226e-01 -4.000817163112465047e-01 -4.566862046781907103e-01 -4.689270813609069388e-01 -4.335244133376123243e-01 -3.599643169150558708e-01
-4.135430040329061141e-01 -3.407417814216006646e-01 -2.962637838174026483e-01 -2.920268547593102837e-01 -3.291662759668274041e-01 -3.977305695200405444e-01 -4.793479883317556811e-01 -5.521492109430612416e-01 -5.966272085472593689e-01 -6.008641376053516225e-01 -5.637247163978343911e-01 -4.951604228446214173e-01
-5.105137950502975919e-01 -4.516004137207044189e-01 -4.196582953305251773e-01 -4.232463047069476292e-01 -4.614030376351241358e-01 -5.239044283411397052e-01 -5.940032796594956199e-01 -6.529166609890887374e-01 -6.848587793792679790e-01 -6.812707700028455271e-01 -6.431140370746690760e-01 -5.806126463686533956e-01
-5.484652495844167808e-01 -5.040690961180069873e-01 -4.848387256821558577e-01 -4.959269005053009716e-01 -5.343625530980454785e-01 -5.898468813876003303e-01 -6.475129044161959113e-01 -6.919090578826055937e-01 -7.111394283184568899e-01 -7.000512534953116095e-01 -6.616156009025672136e-01 -6.061312726130123618e-01
-5.283414031791034970e-01 -4.988214356699076646e-01 -4.922418861158560643e-01 -5.103657395065175351e-01 -5.483367239621238509e-01 -5.959805448619811541e-01 -6.405310788716392922e-01 -6.700510463808351247e-01 -6.766305959348868360e-01 -6.585067425442254763e-01 -6.205357580886190494e-01 -5.728919371887617462e-01
-4.609308524818055974e-01 -4.463689138262954548e-01 -4.521435972247588309e-01 -4.767075809240320372e-01 -5.134789653290036116e-01 -5.526048876837871271e-01 -5.836015886902951033e-01 -5.981635273458052460e-01 -5.923888439473420364e-01 -5.678248602480687746e-01 -5.310534758430971447e-01 -4.919275534883138512e-01
-3.633014670069578123e-01 -3.635007603257388031e-01 -3.811029527626340618e-01 -4.113915510691599220e-01 -4.462507497892122532e-01 -4.763400547769571225e-01 -4.935970610601144171e-01 -4.933977677413333707e-01 -4.757955753044381675e-01 -4.455069769979121408e-01 -4.106477782778598096e-01 -3.805584732901149403e-01
-2.542659338338024155e-01 -2.687546884251224011e-01 -2.974373418714864603e-01 -3.326284003451595583e-01 -3.648984481473246388e-01 -3.856007520296776958e-01 -3.891881463854786061e-01 -3.746993917941586760e-01 -3.460167383477946723e-01 -3.108256798741215188e-01 -2.785556320719564383e-01 -2.578533281896033813e-01
-1.501327675419688867e-01 -1.781730270772672875e-01 -2.169826854805685101e-01 -2.561627261241801734e-01 -2.852148887582279246e-01 -2.963546698665412427e-01 -2.865971740972877990e-01 -2.585569145619894260e-01 -2.197472561586881479e-01 -1.805672155150764568e-01 -1.515150528810286501e-01 -1.403752717727154431e-01
-6.180464281744586785e-02 -1.024060120714876815e-01 -1.502005724378756013e-01 -1.923818100638353956e-01 -2.176472963917457093e-01 -2.192271647636635512e-01 -1.966980907251859034e-01 -1.560967214711441731e-01 -1.083021611047562949e-01 -6.612092347879651444e-02 -4.085543715088612443e-02 -3.927556877896828946e-02
6.189125257738379432e-03 -4.574896878228425223e-02 -1.012189563944236870e-01 -1.453576991938427265e-01 -1.663382566925118711e-01 -1.585389054519082408e-01 -1.240494753384378951e-01 -7.211138129841525302e-02 -1.664139368627582174e-02 2.749734911314316577e-02 4.847790661181235194e-02 4.067855537120864534e-02
5.474574840564220418e-02 -7.093503754742525556e-03 -6.878646520817574550e-02 -1.138025567545256772e-01 -1.300797530175420991e-01 -1.132565924035071891e-01 -6.784082721309028785e-02 -6.001575052705584133e-03 5.569138640072764102e-02 1.007074779470774617e-01 1.169846742100939668e-01 1.001615135960590014e-01
8.790304841131148239e-02 1.778264463825480340e-02 -4.856491502367006607e-02 -9.336185554327466884e-02 -1.046048728849457571e-01 -7.928140963149366005e-02 -2.417686731123979207e-02 4.594353646181683487e-02 1.122910961237417321e-01 1.570880366433463349e-01 1.683310539850174647e-01 1.430075907315652983e-01
1.101333906296064757e-01 3.350610393757186972e-02 -3.584097194225625838e-02 -7.932634403041809168e-02 -8.529814199332365343e-02 -5.215622738945074888e-02 1.121905052747188165e-02 8.784633721950652063e-02 1.571934130993346557e-01 2.006787851874963780e-01 2.066505831504020230e-01 1.735086685465291045e-01
1.241762192502356005e-01 4.293752925020196537e-02 -2.769810554510411874e-02 -6.880392383542059676e-02 -6.936565480563666730e-02 -2.923278309591944429e-02 4.084112072917069070e-02 1.220798107292043466e-01 1.927154455245103926e-01 2.338212638148269296e-01 2.343829947850429030e-01 1.942501230753256869e-01
1.301059398333245243e-01 4.623722785478893288e-02 -2.395200513902155659e-02 -6.165461085005544822e-02 -5.676820652549204038e-02 -1.060210025799022612e-02 6.447353706038373711e-02 1.483422490389193493e-01 2.185314820327297902e-01 2.562340877437636055e-01 2.513476834192002740e-01 2.051815771516984355e-01
1.258613163596747353e-01 4.139295606540092237e-02 -2.662323003087766968e-02 -5.996235979241817254e-02 -4.969124032325939605e-02 1.437990209473969739e-03 7.972529577491148378e-02 1.641936560691853175e-01 2.322098421654638367e-01 2.655489719270044402e-01 2.552778524578456221e-01 2.041486219251121836e-01
1.089379515542861360e-01 2.591148692058188943e-02 -3.824548693426690210e-02 -6.634216067702877750e-02 -5.085005326832984368e-02 4.079737622612616792e-03 8.372881888616037771e-02 1.667552835198646555e-01 2.309122573747133811e-01 2.590089311174752496e-01 2.435168237087763088e-01 1.885870328178338717e-01
7.853481259849158513e-02 -1.035072186320367717e-03 -5.971855827798914357e-02 -8.179145296920908859e-02 -6.133934195285054708e-02 -3.842351859258543150e-03 7.529324524876888913e-02 1.548631300335808203e-01 2.135466161252495831e-01 2.356195108164695629e-01 2.151673998001110422e-01 1.576704097065189936e-01
3.727925994392312231e-02 -3.688375034615839348e-02 -8.858143387368870580e-02 -1.039614380869062910e-01 -7.890270327729215216e-02 -2.011969720042813131e-02 5.663672113671636144e-02 1.307997314267979327e-01 1.824974149543282520e-01 1.978774191675457261e-01 1.728186843579316012e-01 1.140356782810676428e-01
-8.214686115802487948e-03 -7.512124710695280982e-02 -1.184509455535098232e-01 -1.265936237484343863e-01 -9.736745764517001911e-02 -3.860357484894424290e-02 3.395228970087724868e-02 1.008588506920275740e-01 1.441885491385845319e-01 1.523312273335091505e-01 1.231050612302447417e-01 6.434117843401895853e-02
-4.831372339000282456e-02 -1.062494341987311325e-01 -1.399848447767028381e-01 -1.404805791032181506e-01 -1.076038055658268128e-01 -5.016382908361379650e-02 1.644835503174929894e-02 7.438406584047763115e-02 1.081194764184493923e-01 1.086152107449645937e-01 7.573843720757332532e-02 1.829846072536030557e-02
-7.269630447278251084e-02 -1.201138741809957694e-01 -1.432074175326720489e-01 -1.357890382363565462e-01 -9.984648503364479399e-02 -4.501053602911606055e-02 1.402556052527209260e-02 6.144313023348534769e-02 8.453667358516160635e-02 7.711829428884611759e-02 4.117574108613435147e-02 -1.366020791839439065e-02
-7.339553528963470297e-02 -1.089436060468556428e-01 -1.205459406657664323e-01 -1.050937029549142282e-01 -6.672730753017565297e-02 -1.572699906210249868e-02 3.424173098154691119e-02 6.978980173876793425e-02 8.139213635767870991e-02 6.593989864682643642e-02 2.757350322208784732e-02 -2.342680524598529657e-02
-4.760226056261206151e-02 -7.015058082586557442e-02 -6.962642468202999424e-02 -4.617023934655386380e-02 -6.067090737592759249e-03 3.993741486113697170e-02 7.951640732626265307e-02 1.020647275895160827e-01 1.015405714456804886e-01 7.808438611020435127e-02 3.798123750124324238e-02 -8.023268097486487699e-03
7.300911987728174197e-04 -7.930387782768652527e-03 5.129647575085522805e-03 3.641077134507638563e-02 7.753123167469691546e-02 1.174728344262292029e-01 1.455332593979955513e-01 1.541937383795370931e-01 1.411337030216829325e-01 1.098525792516920063e-01 6.873211892207145568e-02 2.879051617053914741e-02
6.113616290395651465e-02 6.699291178559868554e-02 9.276469509778119404e-02 1.315459843144948238e-01 1.729453643086833192e-01 2.058699046437548197e-01 2.214975013257608205e-01 2.156407524441186774e-01 1.898689691319362105e-01 1.510876799152225947e-01 1.096882999210340853e-01 7.676375958596258486e-02
1.188730415424829323e-01 1.396059763813386756e-01 1.780285805753205886e-01 2.238455483595503948e-01 2.647802602166009489e-01 2.898642931619749286e-01 2.923764008250435142e-01 2.716434659861877710e-01 2.332208617922059413e-01 1.874038940079760795e-01 1.464691821509256087e-01 1.213851492055516429e-01
1.586624724812721321e-01 1.943534361738137595e-01 2.451302733203108153e-01 2.973873714131526347e-01 3.371224832195681143e-01 3.536886176198681397e-01 3.426468922797867300e-01 3.069559285872449639e-01 2.561790914407479636e-01 2.039219933479062274e-01 1.641868815414906924e-01 1.476207471411906669e-01
1.689671540206842681e-01 2.194193496875169458e-01 2.820236958724456899e-01 3.400054085725401354e-01 3.778283346940365939e-01 3.853578517272981951e-01 3.605764316638659372e-01 3.101242359970332041e-01 2.475198898121046265e-01 1.895381771120100423e-01 1.517152509905136670e-01 1.441857339572520380e-01
1.455916260655004957e-01 2.103332830048723345e-01 2.840180901992701012e-01 3.469022630665117846e-01 3.821360382701207148e-01 3.802785541979904482e-01 3.418275222072018060e-01 2.770858652678299672e-01 2.034010580734322282e-01 1.405168852061905449e-01 1.052831100025815730e-01 1.071405940747118396e-01
9.350803027208560991e-02 1.718011921554357113e-01 2.556130043067705304e-01 3.224861593439506957e-01 3.545020493794426297e-01 3.430820425332725687e-01 2.912861204174295726e-01 2.129929585340795406e-01 1.291811463827447493e-01 6.230799134556452845e-02 3.029210131007265341e-02 4.171210815624271789e-02
2.624617124786303435e-02 1.171004428499567290e-01 2.098971569643783008e-01 2.797715089839066249e-01 3.080007227132610104e-01 2.870208031306955010e-01 2.224533027456283008e-01 1.315990311435346338e-01 3.880231702911301345e-02 -3.107203499041527595e-02 -5.930124871976965445e-02 -3.832132913720417283e-02
-3.715772693842937097e-02 6.503326944964500644e-02 1.655054108098180099e-01 2.373372680028055515e-01 2.612815529029188233e-01 2.309224137078319805e-01 1.543945572477721240e-01 5.220356085969774657e-02 -4.826858050047519444e-02 -1.201004376934627499e-01 -1.440447225935760911e-01 -1.136855833984891095e-01
-7.696885484107275632e-02 3.512329966736388309e-02 1.418184148688308444e-01 2.145276208087492642e-01 2.337685444732097995e-01 1.943855959046914827e-01 1.069314043676849735e-01 -5.160750140751655529e-03 -1.118558653422185994e-01 -1.845650712821370332e-01 -2.038059949465975129e-01 -1.644230463780791962e-01
-7.810444145487960288e-02 4.226886466622886696e-02 1.536185780761874509e-01 2.261086329893605973e-01 2.403153777324758544e-01 1.924321265245404755e-01 9.528915785769698221e-02 -2.508414826341144252e-02 -1.364338616733699605e-01 -2.089239165865431069e-01 -2.231306613296583918e-01 -1.752474101217229852e-01
-3.460180022855471882e-02 9.227838881153183070e-02 2.066276184393937287e-01 2.778061049211240641e-01 2.867416302854737808e-01 2.310399277271173724e-01 1.256262234636051078e-01 -1.253965576481492431e-03 -1.156031952043433536e-01 -1.867816816860736751e-01 -1.957172070504233641e-01 -1.400155044920670111e-01
4.804545359260778414e-02 1.795370459406932795e-01 2.951748344840330884e-01 3.639737671679182385e-01 3.674992255395784224e-01 3.048065658753778551e-01 1.926942357036981190e-01 6.120264335561257513e-02 -5.443514518772719218e-02 -1.232340778716122798e-01 -1.267595362432724915e-01 -6.406687657907192412e-02
