-2.525062636469037614e-01 -1.937422489094462463e-01 -2.777294387929654107e-01 -2.458246375277060025e-01 -3.125996719959474035e-01 -1.443985662159015249e-01 -3.247959575031700297e-02 -2.557257328028370580e-01 -3.518886362814122037e-01 -3.839525831997967487e-01 -5.269168407681217303e-01 -6.384841766740780855e-01 -7.848193252930446562e-01 -8.642734228648887296e-01 -9.024922112189308621e-01 -1.105144825583611379e+00 -1.045958172888990845e+00 -8.179053750346341189e-01
-4.966090368451325787e-02 4.300733395817601945e-02 3.588793651479349478e-03 1.101898347892404928e-01 -1.803636495175631183e-02 -7.887334932141953914e-02 -7.252880534627692555e-03 -1.316820225063786154e-01 -1.834175601208514195e-01 -2.328562027272855772e-01 -3.729217520638510308e-01 -4.446546939947992882e-01 -5.141161626938135498e-01 -6.392987547827662098e-01 -6.989203294055545967e-01 -8.647951202333139520e-01 -6.512761663445889582e-01 -3.884239391075503534e-01
1.100976847713237561e-01 9.281671305040006814e-02 1.427069822199236171e-01 2.100081024593603019e-01 1.272711082530513238e-01 6.768127461850781401e-02 -3.881198484233294721e-03 -1.366265134878918985e-01 -2.189509016549848752e-01 -3.582459780923610282e-01 -4.768088348150918421e-01 -4.674299648442978850e-01 -4.045044835418458717e-01 -4.993343277411739223e-01 -6.641332124649252933e-01 -6.693131780101442274e-01 -2.534557714041945076e-01 -2.135179790111809695e-01
2.384342798325658208e-01 1.478510745296812701e-01 1.954366792045547641e-01 2.904446692919417927e-01 2.035469332130546150e-01 1.154001663788406518e-01 5.356142971642441353e-02 -1.145062305793693724e-01 -2.178046907374753260e-01 -3.239036041995095871e-01 -4.263323862974779388e-01 -3.760173378547193579e-01 -2.848957370345086559e-01 -3.005742728144031872e-01 -3.428956522770771898e-01 -1.865560069363727536e-01 -3.272990723769808596e-02 -9.125690132683317302e-02
1.830648253848696783e-01 1.372755508364917887e-01 2.516744943369388920e-01 2.662225239024103018e-01 1.504031455720031829e-01 7.390147540964342454e-02 2.607005343293167243e-02 -6.960822914808595385e-02 -1.194904393565785483e-01 -1.614320875844263981e-01 -1.875235604526857003e-01 -1.457961636462599131e-01 -6.283219968546482903e-02 -9.081544742949887450e-02 -2.644385917094993488e-02 1.337205156949412554e-01 1.683945207976780267e-01 -2.155892446019791464e-02
2.267912545803341118e-02 1.915616115150573506e-01 4.491807027019625309e-01 2.993532166091412705e-01 1.241267059866189015e-01 9.438278947832401400e-02 1.139871280088069483e-01 9.131853947184431775e-02 2.167126838497068775e-02 3.458320669471603992e-03 2.317332403383787209e-02 -1.617343987295782881e-02 9.769488570124273963e-02 1.647036147190732436e-01 2.270015531380771279e-01 2.169395872707866602e-01 1.929043132406054184e-01 2.739356470433662594e-02
-8.552002729358321176e-02 1.553673856837338718e-01 3.902849088136690625e-01 2.685519928973931769e-01 2.244003069793958360e-01 2.920630515591131626e-01 3.418128804938866949e-01 3.051333343077580196e-01 1.619911494818726538e-01 1.276727670941504300e-01 1.756469591094695915e-01 8.673047620799856361e-02 2.260878875246135067e-01 3.822473214945816267e-01 3.491231587576848483e-01 1.481982507550885231e-01 1.221877763428054209e-01 5.856827703138733909e-02
7.832756681168007162e-03 -1.543298229664298304e-01 -1.363173424190797789e-01 1.462034706484072188e-01 4.124016498428151323e-01 4.965795851557555096e-01 4.595169559211935706e-01 3.782159719025095512e-01 2.561262929467993388e-01 2.191268020326688770e-01 3.095163608291819912e-01 3.477078047236474845e-01 3.523951382225121165e-01 3.847475098324277809e-01 2.527276232181296933e-01 7.369823091544169813e-02 3.648102144981812955e-02 -7.029287949347740039e-02
1.073469099794515103e-01 -8.830034596221025822e-02 -2.467702101764146505e-02 3.395706554278401512e-01 3.935799113514537595e-01 3.216491998897943461e-01 3.134761969036308216e-01 3.823077347136596416e-01 3.277314122026808718e-01 3.035943831235883295e-01 3.754009925128354297e-01 4.391709960960206161e-01 2.940650947902589962e-01 2.315522752457930267e-01 1.956539684501059639e-01 -6.806982556872398504e-03 -1.193100885461451099e-01 -2.099811677789737985e-01
2.115770397220622101e-01 2.542641564363599116e-01 4.483840021324532188e-01 5.680738332568644466e-01 4.100268889295595187e-01 2.539948777965861382e-01 3.457868474048666485e-01 4.219214186476598627e-01 3.753146472061335004e-01 3.169220698792685198e-01 2.624430910650978888e-01 2.740857176636879444e-01 1.608446154330120947e-01 1.113793515238317156e-01 9.561279934669109082e-02 -1.033638004379646702e-01 -1.910027830876366295e-01 -1.605987241677766519e-01
1.828630168030258574e-01 2.748289486308763685e-01 5.461028566350485391e-01 6.198239566777044018e-01 5.176406124400436681e-01 4.501488520592733522e-01 5.361295502683081082e-01 4.434689440314762976e-01 3.471913238323587336e-01 3.398876713423497620e-01 2.280309671444307185e-01 6.176515618464151203e-02 -1.218444404487186716e-01 -6.534699449674619132e-02 8.150447942249172684e-03 -2.738089798027552035e-01 -3.778372290226830188e-01 -2.900039847129090020e-01
9.956267510490413031e-02 4.613745032452420958e-02 2.755443277318878614e-01 5.204962898818976669e-01 5.508992439089350768e-01 5.843642746155612855e-01 5.165483998292241807e-01 2.729118361623328326e-01 1.281936288803589008e-01 2.023995366040676203e-01 1.384433349557898651e-01 -2.032890576884582856e-01 -5.764633052889660547e-01 -3.320116468943545840e-01 -7.535681292808327214e-02 -4.425728287650851911e-01 -6.134908206793738827e-01 -6.255683546430201858e-01
2.800850402097392333e-01 3.352253740873827326e-01 3.546301288392061934e-01 3.783855043781780836e-01 3.011128890863936647e-01 2.286151800405100687e-01 1.748823388045597227e-01 -5.180017676076786870e-03 -1.829815244978956201e-01 -3.528373614526501001e-01 -4.950053082554592976e-01 -6.149488572731289793e-01 -7.391686306935394413e-01 -6.839304729833468599e-01 -3.447715322831221840e-01 -3.370440641901861767e-01 -5.168542191746645642e-01 -5.824002966982337881e-01
3.818594990251753529e-01 3.486238479923038369e-01 2.029790470693022542e-01 3.195219215254319067e-02 -6.306359939113370672e-02 -6.547700226515118516e-02 -2.145611481080482719e-01 -4.144113933776640835e-01 -3.981125896982398160e-01 -5.570282848598910874e-01 -7.059079874221154682e-01 -7.774241525457359359e-01 -7.580225613918152305e-01 -8.485112234533751518e-01 -5.352966978852524704e-01 -1.880549972063416675e-01 -3.682681259897524484e-01 -4.692592365773684548e-01
3.033561492622709466e-01 1.947143851347998833e-01 3.358569505659758647e-02 -2.400402181515879363e-01 -4.400223991506297949e-01 -4.535072469696821429e-01 -5.000862777046108931e-01 -5.930967033261129728e-01 -5.650394102440383648e-01 -6.154427457422961822e-01 -6.191300940381587736e-01 -7.990956345163642283e-01 -8.252300409056232411e-01 -9.304401364281726927e-01 -6.054152164276125347e-01 -2.225676674195540272e-01 -3.357306421597279211e-01 -3.424772659472523628e-01
1.843955853955918656e-01 2.800374542300154701e-02 -1.021773121985916077e-01 -3.676040631296100258e-01 -6.612064912786337345e-01 -7.777964280190214907e-01 -7.012514010779717921e-01 -7.217479129091977086e-01 -8.267461560367515006e-01 -7.574047615351613416e-01 -5.830754897440204587e-01 -7.662828373120031955e-01 -8.685301194844257111e-01 -9.105484328287225537e-01 -5.689096273214637733e-01 -2.814653441365582154e-01 -3.061119408420474031e-01 -2.094883879312021691e-01
1.425508788279472583e-02 -2.930004699256567591e-01 -4.672810289205173717e-01 -5.626692368512475895e-01 -6.134008444196492604e-01 -7.670625699356197202e-01 -8.932773497329762336e-01 -1.029995520711114665e+00 -1.060670121237206942e+00 -8.150019487846122956e-01 -7.402964721829246031e-01 -7.300376683718692306e-01 -6.137988899852047098e-01 -8.212867366062610586e-01 -4.801838596082603772e-01 -2.469596336858970176e-02 -2.293047134005483656e-01 -1.564335089434081283e-01
-4.975319212122588652e-01 -5.663376211044948150e-01 -6.255273515568315901e-01 -8.473872655832774825e-01 -8.053735805771307099e-01 -7.866782263858027591e-01 -8.521399732470982258e-01 -9.395441584516479594e-01 -9.280239015560987070e-01 -8.612658161217918718e-01 -8.834009977702645955e-01 -8.294452105843852507e-01 -6.390013917583452496e-01 -6.877279283669519572e-01 -5.393950014636175183e-01 -4.856179069208899080e-02 2.112102082782563173e-02 -1.314734795852423588e-02
-8.233654786876325460e-01 -8.111168373647412722e-01 -7.046275861549418096e-01 -8.863684224326711103e-01 -8.873481427742735406e-01 -7.857972596385547348e-01 -8.172807054411226346e-01 -7.729524773738845056e-01 -6.891118084500806873e-01 -8.109850344408862099e-01 -9.194490236020840257e-01 -7.947706838255843564e-01 -5.348537970124898067e-01 -5.539771686383456739e-01 -5.626838858101326224e-01 -1.956598024137115033e-01 1.594919655084439114e-01 1.657319148677434129e-01
-9.699629829799221170e-01 -9.085397118559139784e-01 -6.859207710837083027e-01 -7.632717289543347050e-01 -8.192416465622560651e-01 -6.875745790497092003e-01 -6.758954293938508329e-01 -5.971948441087917558e-01 -5.894131196902279157e-01 -7.400643628390781714e-01 -7.414723659711590642e-01 -4.971100900499756392e-01 -3.010809578491073779e-01 -3.425932187014275598e-01 -3.928856313113122667e-01 -2.699239455629083295e-01 -1.173931274394135471e-03 3.194658051927845577e-02
-1.064169480215895192e+00 -8.665445091813204215e-01 -6.832355761658295279e-01 -7.087641446605861262e-01 -7.377913770982633679e-01 -5.543150773054126290e-01 -4.101149938951209606e-01 -4.673471148264809472e-01 -6.448940077380580504e-01 -6.238725347577087632e-01 -4.248066019068712507e-01 -1.615539159373327038e-01 -1.496364907300673508e-01 -1.831134880461622316e-01 -1.475477546370917992e-01 -2.327731939923136650e-01 -3.675416937903239756e-01 -3.422872514346941841e-01
-9.486923489069258864e-01 -9.005885851186850033e-01 -8.500348625859324159e-01 -7.235581130614203715e-01 -6.065905940715197175e-01 -4.951261057371496577e-01 -3.963643884784904259e-01 -5.182604660177858591e-01 -5.736156930402174225e-01 -3.240329581172218809e-01 -2.195007442664262953e-01 -1.336725122412225630e-01 -1.496013488857741436e-01 -2.789566497987934213e-01 -2.418157874711610589e-01 -2.490054601939721834e-01 -3.614647379311310971e-01 -3.232131018095287800e-01
-9.254141921821545935e-01 -8.149686698717353295e-01 -7.309790070393695771e-01 -5.910331379892959092e-01 -4.359669670608390390e-01 -3.977787976865325703e-01 -3.073988109817697989e-01 -3.257154731602902586e-01 -3.439402591718394575e-01 -1.359473640712529630e-01 -8.724838545757762631e-02 -2.017105790074413818e-01 -2.559866536562154238e-01 -3.926455132216268851e-01 -4.063774981350860571e-01 -2.092373999970558174e-01 -2.595264287146470394e-01 -3.301854715962964093e-01
-8.182794710185987697e-01 -6.488872337100008991e-01 -4.458301485229121397e-01 -3.605494498559291827e-01 -3.191709889589855464e-01 -3.454182763681004076e-01 -1.608271438360535655e-01 -2.004016506518304652e-01 -3.149252843477441388e-01 -2.658283143654216474e-01 -1.682466093960570674e-01 -2.996589460874794497e-01 -3.168830430417841626e-01 -3.418048245386966499e-01 -4.463001813487199598e-01 -2.168838844631615359e-01 -1.594902905838981866e-01 -2.608424137087297368e-01
-6.210549558099103251e-01 -5.121419177409105572e-01 -2.775565192303179884e-01 -2.049137579402220410e-01 -2.528843103030897765e-01 -2.603697880270061660e-01 -5.468154370253941465e-02 -2.147168595173418737e-01 -4.253484618379435034e-01 -4.657644971272585366e-01 -2.999337883774391145e-01 -3.255883765767872973e-01 -2.832664066087566823e-01 -2.074622582722476238e-01 -4.037471051187981885e-01 -2.632666189761412312e-01 -6.131469933848165965e-02 -4.891619489652754282e-02
-4.988130297420472203e-01 -4.067429140082516881e-01 -3.415829029210630807e-01 -2.572812264648707270e-01 -1.039993064368882614e-01 -6.927634062006760018e-02 -9.545086538411240440e-02 -2.072527526343552751e-01 -2.839894957028210598e-01 -3.519289378492658216e-01 -3.218655317344900624e-01 -2.680346325990310419e-01 -2.300203131524689582e-01 -2.557355814083983603e-01 -3.294245806260924780e-01 -2.192760884310160918e-01 -2.466186566981320993e-02 1.154783954449829508e-01
-3.942933055765465156e-01 -3.214717971402301089e-01 -2.926157891747287465e-01 -3.218740593661362226e-01 -2.881883583429392104e-01 -2.910578000177892477e-01 -2.999213691145889982e-01 -2.974572469835816690e-01 -3.181456667540327743e-01 -3.699514526146945315e-01 -4.023180728779554016e-01 -3.375975070600283345e-01 -2.234497405094835187e-01 -1.269890569632075028e-01 -1.521825220260222267e-01 -1.512816729864852050e-02 1.579340884363880093e-01 2.165760895692585564e-01
-2.145898249513056300e-01 -2.088955781318642124e-01 -2.083243099831300071e-01 -3.105321559795228836e-01 -4.302204804373328528e-01 -4.766458920964478096e-01 -3.667456458495870208e-01 -2.976288401105833259e-01 -3.599391459481608990e-01 -3.704806248086676135e-01 -4.135400567065161681e-01 -3.914386451234204145e-01 -2.513888807171440476e-01 3.369263448122161719e-02 6.066931654550344888e-02 7.872941174532144260e-02 3.703771313863342129e-01 4.467157589595220912e-01
-2.480161722338678487e-01 -2.421588227618656219e-01 -1.828665309469492684e-01 -2.458781756060375301e-01 -3.436322066184285262e-01 -3.936515414989134598e-01 -2.535387848399572874e-01 -2.152539394801138428e-01 -3.034316070294966750e-01 -2.800892171402047381e-01 -2.804931699715922377e-01 -2.761867086424025786e-01 -2.620642368241306031e-01 7.529202228350229120e-02 2.359082685202427143e-01 2.361355620270000344e-01 5.607203071594444310e-01 7.074948201641575452e-01
-5.432386736776511071e-01 -4.105474512200508741e-01 -2.381419493742136240e-01 -1.837427125123181071e-01 -1.334766088276815310e-01 -1.689378970330448482e-01 -1.611861674296655167e-01 -1.482357205145881096e-01 -1.491953369334009238e-01 -1.234648500780650693e-01 -4.419763331040371668e-02 2.045855966882470511e-02 -1.130954542635276283e-01 1.201561938284037012e-01 5.635217116530171211e-01 6.435743312256487769e-01 7.017583047266953145e-01 8.212151948444930127e-01
-5.573926981592300933e-01 -4.654252304876393964e-01 -3.198766839151545582e-01 -9.310786719578523218e-02 8.688039042232631459e-02 -5.588241808199434502e-02 -7.288839343299180484e-02 3.224107240757945192e-03 1.326664485371704671e-01 1.552341714474341217e-01 2.699341313723238045e-01 2.629925404229460639e-01 1.943740815374095376e-01 6.349892116276247833e-01 8.513985822999945441e-01 8.792160440342176031e-01 8.864770638844419182e-01 8.973320428099462731e-01
-4.064657225631567172e-01 -2.286493251987948838e-01 -1.739146086401710534e-01 -9.555224749501256554e-02 2.221544024966704001e-01 2.090391829180333616e-01 1.601746618084494145e-01 1.497880787629863875e-01 4.197579699964713029e-01 5.011399096863549119e-01 5.598251724321965384e-01 6.080273602925281295e-01 6.828234651717899339e-01 8.872663562403939608e-01 8.584869880898491346e-01 1.035818853196547096e+00 1.041546462285134922e+00 9.349604728585205748e-01
-2.004534532355428667e-01 7.128353654934826977e-02 5.371580078744031539e-02 5.004077508732507340e-02 3.493998834732519043e-01 4.188340146303648481e-01 4.380264264547140129e-01 4.413317967273204800e-01 6.785319033062382488e-01 7.296648345149350234e-01 7.844738229725027878e-01 8.739160995686923172e-01 9.426458785909588300e-01 9.244637498406440557e-01 9.292568154431748439e-01 1.106382222275758664e+00 1.019809557347844731e+00 9.097541233752384215e-01
-1.258058738029177448e-02 2.335851083091764480e-01 2.463902463233171858e-01 3.341206100377664967e-01 4.819316233935904137e-01 5.497572149445328904e-01 7.065540509275223258e-01 8.104379730603454846e-01 8.461198435218211245e-01 8.253643663246030826e-01 9.365383341406285922e-01 1.011870673051186387e+00 9.955941748321528451e-01 9.469707962840860915e-01 1.051974123920290438e+00 9.744033787918944256e-01 7.360966326400983917e-01 6.491156065220220484e-01
8.315022725187581898e-02 2.851325223757044114e-01 4.200083512814334341e-01 4.847222669713957544e-01 6.393410701564263832e-01 7.935755009924854164e-01 9.487028135480777280e-01 1.020089357468620506e+00 9.524655747970562913e-01 9.588791509126437518e-01 1.048823184916129136e+00 1.118132434548883225e+00 1.069077089335008779e+00 9.632748409185882821e-01 8.479649868472822760e-01 5.890084701110005483e-01 3.825668295803534846e-01 1.806465452755503520e-01
1.936652040298341149e-01 3.355966172084379195e-01 6.537118621549140585e-01 7.017594112397489425e-01 8.088093027374725352e-01 9.690028929429566062e-01 1.096537618988216778e+00 1.189568605998024609e+00 1.190196806058086310e+00 1.198864471082398353e+00 1.169814385974680349e+00 1.170459350194077430e+00 1.023365475756831344e+00 7.452890121978672511e-01 5.624409222026027777e-01 2.186414790164477040e-01 -5.415341963010078530e-03 3.881630174971562042e-03
3.251723454707917682e-01 6.063125635554129644e-01 8.551804581511248671e-01 8.825492699424337673e-01 9.805529502226661975e-01 1.124544838813902103e+00 1.252791086637126128e+00 1.375111847928748077e+00 1.369559848181189921e+00 1.287277574423198345e+00 1.177068400498155754e+00 1.098276297054740169e+00 8.259349805350026941e-01 4.185309859502162055e-01 1.795318340951030933e-01 -5.998410689696243026e-02 -1.837752999718311742e-01 -1.581807845612992480e-01
4.248940964682663690e-01 7.942164388687409371e-01 9.620723442431398098e-01 1.109143342356468054e+00 1.254844911172687816e+00 1.329451944231513139e+00 1.361473616846391010e+00 1.368744943344852416e+00 1.251633986292427281e+00 1.041800390490598360e+00 8.803897647063259058e-01 7.211528771518196379e-01 4.862901175642377893e-01 2.104188966621034496e-01 5.669512006004673310e-02 -5.273016263257623848e-02 -1.568831038894984431e-01 -2.687096102057857649e-01
4.348941143621694039e-01 6.791976860268551519e-01 9.435804930124671586e-01 1.314292076152598909e+00 1.510645594911734335e+00 1.481586509981632105e+00 1.332034734499924156e+00 1.182963467285022219e+00 9.500461873710879246e-01 6.922434758414066636e-01 4.745916849360938272e-01 2.414516756341367199e-01 1.688707105392364127e-01 2.014047850805411599e-01 2.022624446430132394e-01 7.860047469053021985e-02 -1.165907980771461183e-01 -2.524273298397119447e-01
4.568563208650449070e-01 6.654693981730925856e-01 8.153527933581443676e-01 1.115846204898016225e+00 1.375952073051101010e+00 1.422040426706050908e+00 1.310545117039779939e+00 1.112542009161739287e+00 8.570595079455021192e-01 5.866664858503476410e-01 3.558851338640529605e-01 1.782332389543128670e-01 1.088584950641173776e-01 3.274714237943676665e-02 -5.310972997720142530e-02 -1.331492247043648547e-01 -1.979676270283636796e-01 -2.377207330302208987e-01
1.985542528927979333e-01 3.684656451717120973e-01 6.145824990738759652e-01 1.005982756847837223e+00 1.346841103477602886e+00 1.379866776292759667e+00 1.151918681938706612e+00 8.007261036987394220e-01 5.108442676497233492e-01 2.295255164080760579e-01 -3.775456108039954017e-02 -1.539961033000594171e-01 -7.069670765309155058e-02 -7.235346137013110024e-02 -2.163313666375703548e-01 -2.470247231485576123e-01 -2.143228468878675130e-01 -1.517407141695983341e-01
-2.327079968143603850e-01 -9.429543357966529982e-02 2.766303179618123664e-01 4.735166474654288749e-01 5.356230934167509616e-01 4.843860421216561463e-01 3.189006522987849479e-01 9.730560592210757420e-02 -3.853128001995997920e-02 -2.368192212052910861e-01 -4.467691821263173324e-01 -4.914554971742610689e-01 -2.631003339350517223e-01 -1.184686434330224358e-01 -1.453145848345691604e-01 -1.479516513988716753e-01 -2.049852380204839619e-01 -6.997070148897854835e-02
