-2.252046088873529139e-01 -6.297944474808998827e-02 9.099914752903301429e-02 2.181590772333982520e-01 3.031629801619700748e-01 3.357581310975648603e-01 3.120130737841563251e-01 2.347918125734647088e-01 1.134083712319368109e-01 -3.749661578583694116e-02 -1.997217799251005954e-01 -3.537003722022231678e-01 -4.808603019065891826e-01 -5.658642048351604226e-01 -5.984593557707554856e-01 -5.747142984573470059e-01 -4.974930372466550565e-01 -3.761095959051273807e-01
-2.638114412675229281e-01 -1.135891766627423194e-01 2.575610887572980096e-02 1.374173173945636151e-01 2.079264592024618608e-01 2.287790911932855442e-01 1.974600781968701979e-01 1.177469553999874879e-01 -7.456981476607893455e-04 -1.437259196629100955e-01 -2.939481842676912593e-01 -4.332934698061630119e-01 -5.449546783249975546e-01 -6.154638201328953562e-01 -6.363164521237192339e-01 -6.049974391273038599e-01 -5.252843163304208307e-01 -4.067916627827727893e-01
-2.393937510020860693e-01 -1.046390670243135396e-01 1.728634638935793236e-02 1.116764849537811022e-01 1.671465049080061993e-01 1.770059031952470885e-01 1.400654908728414250e-01 6.078082684929364543e-02 -5.128518827713671874e-02 -1.826157391639656458e-01 -3.173704231417387445e-01 -4.392958365554098799e-01 -5.336859751198336221e-01 -5.891559950740583584e-01 -5.990153933612994974e-01 -5.620749810388937506e-01 -4.827903170153456380e-01 -3.707243018889155306e-01
-1.588081948119559050e-01 -4.153435791773798375e-02 6.160259857284435675e-02 1.381628355676606523e-01 1.789120585763773197e-01 1.789353099096612776e-01 1.382297851135656785e-01 6.170517122806415400e-02 -4.140853392923413839e-02 -1.586742957201459636e-01 -2.759481326143644053e-01 -3.790850891049463711e-01 -4.556453260997631594e-01 -4.963945491084795769e-01 -4.964178004417636458e-01 -4.557122756456680746e-01 -3.791876617601661614e-01 -2.760739566028682646e-01
-3.874934547348376362e-02 6.049622036533287839e-02 1.448601461437673821e-01 2.041668973340000914e-01 2.312632044680611454e-01 2.228808530066795912e-01 1.800308782464301594e-01 1.078816195416743839e-01 1.513534230185839546e-02 -8.702138364862359310e-02 -1.862669494874407139e-01 -2.706308752658749261e-01 -3.299376264561079686e-01 -3.570339335901689393e-01 -3.486515821287873296e-01 -3.058016073685380642e-01 -2.336523486637819558e-01 -1.409060714239662171e-01
9.725560487019842271e-02 1.792774520166159624e-01 2.461172152142581671e-01 2.897130325716441579e-01 3.048066051097338414e-01 2.895774252230270962e-01 2.458623567646185393e-01 1.789340821562905581e-01 9.686513907194160833e-02 9.554253256147046680e-03 -7.246759389027077058e-02 -1.393073570879128642e-01 -1.829031744452990771e-01 -1.979967469833887606e-01 -1.827675670966820154e-01 -1.390524986382734862e-01 -7.212422402994522752e-02 9.944719054403517583e-03
2.230720034342662805e-01 2.897982480865082255e-01 3.413457017261930515e-01 3.714969806849816036e-01 3.766153957349592796e-01 3.560835904813375308e-01 3.123780036548765571e-01 2.507701740526118162e-01 1.786909151593052691e-01 1.048340493740558821e-01 3.810780472181344442e-02 -1.343964891787111961e-02 -4.359092787665992674e-02 -4.870934292663756798e-02 -2.817753767301569776e-02 1.552804915344522564e-02 7.713587875571006891e-02 1.492151376490164216e-01
3.146137473884713653e-01 3.687769116173749140e-01 4.079219188179951661e-01 4.273273034031594975e-01 4.246524895989226556e-01 4.002200994261226330e-01 3.569770397232752690e-01 3.001390616901346009e-01 2.365616643167143263e-01 1.739132200287025198e-01 1.197500557997986936e-01 8.060504859917864973e-02 6.119966401401406852e-02 6.387447781825099369e-02 8.830686799105094686e-02 1.315499276938984496e-01 1.883879057270392288e-01 2.519653031004591703e-01
3.540642240107873540e-01 3.988229933401593597e-01 4.287456396751230248e-01 4.402230502564543069e-01 4.318708799795050735e-01 4.046965238445807134e-01 3.619776102523364347e-01 3.088666706460150846e-01 2.517696681761272259e-01 1.975733440025513599e-01 1.528145746731792709e-01 1.228919283382158140e-01 1.114145177568842821e-01 1.197666880338333628e-01 1.469410441687578894e-01 1.896599577610021958e-01 2.427708973673236015e-01 2.998678998372115156e-01
3.328856297029067490e-01 3.714241603680203951e-01 3.952193127173923015e-01 4.014010401986408128e-01 3.892237352449462451e-01 3.601561605516052644e-01 3.177042946183476491e-01 2.669884589995393798e-01 2.141257319568262985e-01 1.654921385423203661e-01 1.269536078772064702e-01 1.031584555278346610e-01 9.697672804658614976e-02 1.091540330002805370e-01 1.382216076936218785e-01 1.806734736268792718e-01 2.313893092456876521e-01 2.842520362884005669e-01
2.530777737467363453e-01 2.882208342039667692e-01 3.085504804034039372e-01 3.116146569797724197e-01 2.970437790155319169e-01 2.665953094364262865e-01 2.239417830452467284e-01 1.742278446237757739e-01 1.234497288452327951e-01 7.773202587768501814e-02 4.258896542045438605e-02 2.225931922101723540e-02 1.919514264464884309e-02 3.376602060888898860e-02 6.421449018799502140e-02 1.068680165791744130e-01 1.565819550006453675e-01 2.073600707791883047e-01
1.264865415629701784e-01 1.603669616140643572e-01 1.791728453280465594e-01 1.806359255837261257e-01 1.645797333095030957e-01 1.329408822578095895e-01 8.953548480519073205e-02 3.959887247987343983e-02 -1.084586228580229975e-02 -5.571433999410059512e-02 -8.959476004519503767e-02 -1.084006437591772259e-01 -1.098637240148567923e-01 -9.380753174063390099e-02 -6.216868068894024907e-02 -1.876328323632141248e-02 3.117332908899603239e-02 8.161806385467153258e-02
-2.766380679084783425e-02 6.145991211345640595e-03 2.444921127163348501e-02 2.503821492398617191e-02 7.841959635161733014e-03 -2.506543241730870702e-02 -6.971484409051517672e-02 -1.207208973815331043e-01 -1.719315094942915345e-01 -2.171699248198503962e-01 -2.509797228220440046e-01 -2.692829428823317883e-01 -2.698719465346844371e-01 -2.526756912458602011e-01 -2.197682991933895547e-01 -1.751188875201831752e-01 -1.241128342291651782e-01 -7.290222211640694228e-02
-1.865043746872933061e-01 -1.526557470479040779e-01 -1.348497438304682439e-01 -1.352340318116283524e-01 -1.537622601893701424e-01 -1.881996511738097122e-01 -2.343925471704623731e-01 -2.867694031875934746e-01 -3.390127973894689339e-01 -3.848214054049612365e-01 -4.186700330443506868e-01 -4.364760362617864375e-01 -4.360917482806263012e-01 -4.175635199028846500e-01 -3.831261289184448304e-01 -3.369332329217923916e-01 -2.845563769046611791e-01 -2.323129827027858862e-01
-3.277784950846627798e-01 -2.948853942948113649e-01 -2.785678894744122447e-01 -2.807941125255288828e-01 -3.012955480926434171e-01 -3.375994204773972718e-01 -3.853269468820960109e-01 -4.387214832390621266e-01 -4.913428604442151570e-01 -5.368441637977972025e-01 -5.697372645876486175e-01 -5.860547694080477932e-01 -5.838285463569310441e-01 -5.633271107898167873e-01 -5.270232384050625996e-01 -4.792957120003639715e-01 -4.259011756433978557e-01 -3.732797984382449918e-01
-4.337937023503058986e-01 -4.038528761919171761e-01 -3.908811401720136414e-01 -3.964430770970298612e-01 -4.198678352883628007e-01 -4.583300431955257270e-01 -5.071905909031818593e-01 -5.605561752529033548e-01 -6.119901191799699269e-01 -6.552887299626096729e-01 -6.852295561209984509e-01 -6.982012921409019857e-01 -6.926393552158854883e-01 -6.692145970245527709e-01 -6.307523891173897335e-01 -5.818918414097338232e-01 -5.285262570600121057e-01 -4.770923131329457001e-01
-4.943185352064484173e-01 -4.701143506611445977e-01 -4.629816570479987625e-01 -4.737807624841028353e-01 -5.012091354760406237e-01 -5.419585094413111870e-01 -5.911139084829938328e-01 -6.427464660202354407e-01 -6.906285335986519502e-01 -7.289848272042307453e-01 -7.531890117495346759e-01 -7.603217053626802890e-01 -7.495225999265761052e-01 -7.220942269346387610e-01 -6.813448529693679756e-01 -6.321894539276852187e-01 -5.805568963904436108e-01 -5.326748288120272123e-01
-5.078975412326273142e-01 -4.926937750000659477e-01 -4.942220551366989789e-01 -5.122980485030360631e-01 -5.447415235258467048e-01 -5.876393183026838996e-01 -6.358173256794380501e-01 -6.834645669348098362e-01 -7.248340815750142774e-01 -7.549360955854312882e-01 -7.701398618179926547e-01 -7.686115816813597901e-01 -7.505355883150225393e-01 -7.180921132922118977e-01 -6.751943185153745919e-01 -6.270163111386207744e-01 -5.793690698832485442e-01 -5.379995552430443251e-01
-4.813817702448708324e-01 -4.785487059512034680e-01 -4.915330694154629865e-01 -5.187687547750636785e-01 -5.569707364197316046e-01 -6.015312915619169809e-01 -6.470757596077196805e-01 -6.881108055460548600e-01 -7.196869972239811064e-01 -7.379957799101830584e-01 -7.408288442038504229e-01 -7.278444807395910710e-01 -7.006087953799901014e-01 -6.624068137353222863e-01 -6.178462585931366879e-01 -5.723017905473342104e-01 -5.312667446089988088e-01 -4.996905529310727290e-01
-4.278311023639131960e-01 -4.404429204015037902e-01 -4.672819670674073778e-01 -5.051110572315730129e-01 -5.493674443222922310e-01 -5.947131549017133922e-01 -6.356788270425458576e-01 -6.673233960956743704e-01 -6.858300600091923327e-01 -6.889666419858588853e-01 -6.763548239482682911e-01 -6.495157772823646480e-01 -6.116866871181988463e-01 -5.674303000274797393e-01 -5.220845894480583560e-01 -4.811189173072261682e-01 -4.494743482540974888e-01 -4.309676843405796931e-01
-3.632673084180739198e-01 -3.937078461998660961e-01 -4.360553285737979734e-01 -4.852020241832958325e-01 -5.352201162098767506e-01 -5.800766845667160165e-01 -6.143613650975362495e-01 -6.339389193423249358e-01 -6.364480053252324909e-01 -6.215859902465545872e-01 -5.911454524647623554e-01 -5.487979700908306446e-01 -4.996512744813325080e-01 -4.496331824547515343e-01 -4.047766140979121019e-01 -3.704919335670921465e-01 -3.509143793223032937e-01 -3.484052933393959606e-01
-3.029788581359376121e-01 -3.525934755420780942e-01 -4.110652831062672763e-01 -4.713417178842912447e-01 -5.261525522564867163e-01 -5.688867906758034998e-01 -5.943900532986841068e-01 -5.995862702647387632e-01 -5.838487011198666421e-01 -5.490755289647232251e-01 -4.994609115585825765e-01 -4.409891039943934499e-01 -3.807126692163690374e-01 -3.259018348441738988e-01 -2.831675964248568933e-01 -2.576643338019764529e-01 -2.524681168359216854e-01 -2.682056859807938620e-01
-2.581566350297450629e-01 -3.269841634959145260e-01 -4.009499278041833148e-01 -4.711325651605535736e-01 -5.290670137144339868e-01 -5.677655239488279548e-01 -5.825604844002839622e-01 -5.716674044879948013e-01 -5.364001504141200360e-01 -4.810124735092059511e-01 -4.121849450430362105e-01 -3.382191807347675327e-01 -2.680365433783968854e-01 -2.101020948245166664e-01 -1.714035845901224209e-01 -1.566086241386665523e-01 -1.675017040509558797e-01 -2.027689581248304229e-01
-2.335593169195359087e-01 -3.201712271299417267e-01 -4.076524972007627978e-01 -4.854515948754162813e-01 -5.441848007819432009e-01 -5.767680234782149862e-01 -5.792712454299092650e-01 -5.513925411260300891e-01 -4.964944937514808032e-01 -4.211986180285217651e-01 -3.345867078181156140e-01 -2.471054377472947094e-01 -1.693063400726408096e-01 -1.105731341661140565e-01 -7.798991146984222966e-02 -7.548668951814795081e-02 -1.033653938220271407e-01 -1.582634411965762600e-01
-2.266854456773937931e-01 -3.281500401717039050e-01 -4.258376015284502381e-01 -5.079655681331496364e-01 -5.646280951335793663e-01 -5.889908455236512186e-01 -5.781153120504211040e-01 -5.333132445565403890e-01 -4.599884335898662968e-01 -3.669849335119367284e-01 -2.655203390176262279e-01 -1.678327776608801725e-01 -8.570481105618013573e-02 -2.904228405575072156e-02 -4.679533665678742640e-03 -1.555506713890880861e-02 -6.035713463278984808e-02 -1.336819455994637251e-01
-2.286116024636993538e-01 -3.405900501109181966e-01 -4.439823886664651109e-01 -5.263179761921371602e-01 -5.776659256884835170e-01 -5.918329166312192857e-01 -5.671102008301325270e-01 -5.064797026792596801e-01 -4.172543550664486456e-01 -3.101960517396896710e-01 -1.982176040924702731e-01 -9.482526553692369187e-02 -1.248967801125119848e-02 3.885827148509495704e-02 5.302526242783078825e-02 2.830254662674387342e-02 -3.232795152412912959e-02 -1.215532991369398658e-01
-2.263072032853637172e-01 -3.432765562983867147e-01 -4.469306392340450240e-01 -5.247672399189586834e-01 -5.673981155646462549e-01 -5.696813534035211068e-01 -5.313415612552131462e-01 -4.570030838878775259e-01 -3.556322387910940686e-01 -2.394558459578725040e-01 -1.224864929448490625e-01 -1.883241000919099253e-02 5.900419067572304499e-02 1.016350663214105055e-01 1.039183041602853158e-01 6.557851201197742452e-02 -8.759965355358468111e-03 -1.101308104521415837e-01
-2.059269880231766603e-01 -3.215139956152778256e-01 -4.193894191181944398e-01 -4.877480379700656066e-01 -5.183447938715887160e-01 -5.074892665010157788e-01 -4.564907926697584495e-01 -3.715005409791802826e-01 -2.627695901056906758e-01 -1.434124974225622906e-01 -2.782548983046053900e-02 7.004993367245573865e-02 1.384085525243271553e-01 1.690053084258503480e-01 1.581497810552771610e-01 1.071513072240200537e-01 2.216105553344160234e-02 -8.656989534004777553e-02
-1.563750645586254595e-01 -2.637746278674099054e-01 -3.496436686571980368e-01 -4.036251133166695593e-01 -4.192080029386175966e-01 -3.945128110556784251e-01 -3.325181422711498413e-01 -2.407014685843134605e-01 -1.301372359115860466e-01 -1.416112246758627867e-02 9.323844084119863040e-02 1.791074816309866091e-01 2.330889262904581594e-01 2.486718159124063909e-01 2.239766240294669697e-01 1.619819552449386080e-01 7.016528155810197731e-02 -4.039895111462520061e-02
-7.237161169920143522e-02 -1.648160008420410383e-01 -2.327059660926829865e-01 -2.678529756927231498e-01 -2.660177815697796766e-01 -2.274217352196603315e-01 -1.567200894491673213e-01 -6.244050618338441855e-02 4.404550541737711766e-02 1.498941607879100690e-01 2.423385499307499913e-01 3.102285151813919395e-01 3.453755247814320750e-01 3.435403306584886574e-01 3.049442843083691179e-01 2.342426385378764131e-01 1.399630552720929622e-01 3.347704367133177983e-02
4.365175075030583440e-02 -2.758841615244058895e-02 -7.221946687152389077e-02 -8.485823800606560885e-02 -6.398030722884391619e-02 -1.210386111703392817e-02 6.451403531347611742e-02 1.566321329934442508e-01 2.531396298243376308e-01 3.423962973893891482e-01 4.136364642921357970e-01 4.582675150112189844e-01 4.709062861457607441e-01 4.500283553685391902e-01 3.981519092567289420e-01 3.215340128262192398e-01 2.294159151462508150e-01 1.329084183153576293e-01
1.812678396391933511e-01 1.365089381327438678e-01 1.193273180865285360e-01 1.317953364518267001e-01 1.724091662054298146e-01 2.362701800827634591e-01 3.156757973220344349e-01 4.010485285820870049e-01 4.820911625056361616e-01 5.490287613796088761e-01 5.937876628860585537e-01 6.109692829322735941e-01 5.985012645669754994e-01 5.578874348133725514e-01 4.940264209360387127e-01 4.146208036967679589e-01 3.292480724367150557e-01 2.482054385131662877e-01
3.234942543634468648e-01 3.091343258512924130e-01 3.221818198448510029e-01 3.610630160079964512e-01 4.210882682581123526e-01 4.950176452954595518e-01 5.739341731679334924e-01 6.483193539302034569e-01 7.092012369739923994e-01 7.492365686833205585e-01 7.635964971954749547e-01 7.505490032019164204e-01 7.116678070387706390e-01 6.516425547886551817e-01 5.777131777513074828e-01 4.987966498788340974e-01 4.244114691165636333e-01 3.635295860727749129e-01
4.497174802829280171e-01 4.680261527944307720e-01 5.124524925704255773e-01 5.776380273709826874e-01 6.557204196631213344e-01 7.372817805630296206e-01 8.124846062286923409e-01 8.722583260093279556e-01 9.093933471332414920e-01 9.194106379983467692e-01 9.011019654868442919e-01 8.566756257108492090e-01 7.914900909102917659e-01 7.134076986181536739e-01 6.318463377182449436e-01 5.566435120525826674e-01 4.968697922719466087e-01 4.597347711480332388e-01
5.395500681546661070e-01 5.909830629045458306e-01 6.662101479465264431e-01 7.561578265910129382e-01 8.499770813071253484e-01 9.363519253513666873e-01 1.004864277775069592e+00 1.047250537741302168e+00 1.058398296743563005e+00 1.036962970522778971e+00 9.855299757728992471e-01 9.103028907309187456e-01 8.203552120864314734e-01 7.265359573703197293e-01 6.401611133260779463e-01 5.716487609023754857e-01 5.292625009361429100e-01 5.181147419338820725e-01
5.768670127986817997e-01 6.600371675962481977e-01 7.637910242675509664e-01 8.756143364541878471e-01 9.820195623701289955e-01 1.070172661396026292e+00 1.129441068788175961e+00 1.152676139906550379e+00 1.137075382261145462e+00 1.084520477466658139e+00 1.001350322669091408e+00 8.975964659977891946e-01 7.857731538111515368e-01 6.793679278952108325e-01 5.912148288693132026e-01 5.319464214771637556e-01 5.087113503587891161e-01 5.243121080041941440e-01
5.532128998565636335e-01 6.650003606136906109e-01 7.934705348947298509e-01 9.231280236635459602e-01 1.038334220233884997e+00 1.125193557036983982e+00 1.173229516147105578e+00 1.176648251960316749e+00 1.135037414482376938e+00 1.053415884823682314e+00 9.416284240665547811e-01 8.131582497855159852e-01 6.835007610166988767e-01 5.682945644463607282e-01 4.814352276432614097e-01 4.333992685331397032e-01 4.299805327199285321e-01 4.715913701978684536e-01
4.698779561954343209e-01 6.056700373610562904e-01 7.537832113902395159e-01 8.963528435774218428e-01 1.016182932177152276e+00 1.098820200000545810e+00 1.134297372951919458e+00 1.118335380386027422e+00 1.052859474180237953e+00 9.457670149444288299e-01 8.099749337788063608e-01 6.618617597496233573e-01 5.192921275624403643e-01 3.994620389627103196e-01 3.168247711393164523e-01 2.813475981879432486e-01 2.973095907538351179e-01 3.627854969596245871e-01
3.381893018566227149e-01 4.922295375140325335e-01 6.540145089790757593e-01 8.040305610011845294e-01 9.241835437053635971e-01 9.999812341083216261e-01 1.022281312092692573e+00 9.883940591394614339e-01 9.024067780773767922e-01 7.746908040396386363e-01 6.206505683822282071e-01 4.588655969171853699e-01 3.088495448950757116e-01 1.886965621908971436e-01 1.128988717879386428e-01 9.059879380356793133e-02 1.244860467567993484e-01 2.104733278188838652e-01
1.779056557762123680e-01 3.437223849926671071e-01 5.127358961419659078e-01 6.645606654057362173e-01 7.808843849158147998e-01 8.476766973440242880e-01 8.568814640619777379e-01 8.073884543556009152e-01 7.051672556345119913e-01 5.625472530886950207e-01 3.967305238722396710e-01 2.277170127229413421e-01 7.589224345917006120e-02 -4.043147605090773727e-02 -1.072237884791177737e-01 -1.164285551970710986e-01 -6.693554549069404003e-02 3.528565323039465490e-02
1.397276080757177755e-02 1.848510174387313076e-01 3.546289366218358108e-01 5.028287956481742871e-01 6.115755043221953180e-01 6.677526046473207799e-01 6.645843092386407580e-01 6.024527612815020472e-01 4.888519424235233668e-01 3.374837879885045910e-01 1.666055313573443775e-01 -3.172387825759607431e-03 -1.513722468520991293e-01 -2.601189555261195774e-01 -3.162960558512455389e-01 -3.131277604425653505e-01 -2.509962124854260290e-01 -1.373953936274477095e-01
-1.277796669398134355e-01 4.167741463322851420e-02 2.061738912264431955e-01 3.458690600532520754e-01 4.439136220720260040e-01 4.884819561196728777e-01 4.741984633514895742e-01 4.027859437972213241e-01 2.828578012516536067e-01 1.288791396566614511e-01 -4.057794191638108144e-02 -2.050744185095954020e-01 -3.447695873364049479e-01 -4.428141493551785990e-01 -4.873824834028256947e-01 -4.730989906346422802e-01 -4.016864710803737526e-01 -2.817583285348061461e-01
