1.000000000000000048e-04 -7.111180030116164286e-01
1.051249999999999928e-02 -8.873452892053764751e-01
2.092499999999999916e-02 -1.135664244991241745e+00
3.133750000000000424e-02 -1.252522602175627719e+00
4.175000000000000239e-02 -1.458608219036749531e+00
5.216250000000000053e-02 -1.587836661101667657e+00
6.257500000000000562e-02 -1.818287280039747156e+00
7.298749999999999682e-02 -1.885440730668793474e+00
8.340000000000000191e-02 -2.099719900533539185e+00
9.381250000000000699e-02 -2.246467025937842976e+00
1.042249999999999982e-01 -2.411044002869296765e+00
1.146375000000000033e-01 -2.530411404774731032e+00
1.250499999999999945e-01 -2.666147303359003740e+00
1.354624999999999857e-01 -2.815848939057211897e+00
1.458749999999999769e-01 -2.932427131208299009e+00
1.562874999999999959e-01 -2.960038531268345263e+00
1.666999999999999871e-01 -3.097795676678991139e+00
1.771124999999999783e-01 -3.237997947913043184e+00
1.875249999999999972e-01 -3.447093785156063017e+00
1.979374999999999885e-01 -3.580182735974029917e+00
2.083499999999999797e-01 -3.571734452052152786e+00
2.187624999999999986e-01 -3.769517027151319866e+00
2.291749999999999898e-01 -3.747461450151984508e+00
2.395874999999999810e-01 -3.952473880564059350e+00
